44
77
70
66
73
75
26
23
43
26
55
94
45
97
3
32
41
52
65
95
2
29
55
37
89
66
92
66
29
97
61
65
93
63
20
13
72
47
38
80
88
31
88
61
88
22
39
91
53
8
36
58
28
52
38
90
69
83
13
30
79
98
28
48
40
26
40
56
90
0
53
42
44
17
39
4
27
52
9
9
36
44
18
6
75
68
36
79
10
88
30
82
92
86
91
83
57
15
61
10
22
61
21
87
75
90
28
81
6
63
50
47
11
74
19
99
34
38
51
69
72
50
28
24
57
93
83
76
32
29
88
40
53
85
74
90
17
94
71
98
16
46
54
92
55
96
32
86
33
50
93
2
67
40
30
13
69
62
28
53
25
92
83
33
66
58
34
87
66
83
12
3
53
87
45
59
58
70
11
95
97
16
19
44
75
90
36
80
89
59
33
48
52
45
72
2
82
70
35
95
38
40
24
13
14
16
34
6
18
27
18
66
62
11
76
2
84
81
22
6
80
18
80
96
17
31
66
23
93
70
54
4
93
62
58
72
15
35
2
29
93
47
25
34
51
13
82
36
18
33
69
83
48
76
51
54
80
46
62
88
93
78
35
48
84
55
51
60
19
86
73
38
5
83
66
88
93
13
31
98
54
40
72
6
97
42
54
20
69
79
7
12
45
66
98
33
21
83
22
20
55
74
55
62
1
26
71
43
59
74
4
12
58
25
68
76
40
10
95
87
72
30
45
48
87
26
39
57
21
84
95
93
2
27
84
34
48
17
35
44
45
54
53
31
71
49
27
37
24
13
89
0
73
94
80
3
47
82
21
79
53
53
54
18
48
81
75
29
64
91
71
15
21
79
30
77
66
14
99
76
74
51
7
30
81
47
53
62
78
50
33
76
31
3
63
48
75
96
73
22
44
28
94
47
60
74
6
24
81
83
99
66
26
27
94
5
90
41
62
73
56
38
39
58
52
44
35
59
8
80
74
35
64
25
44
94
5
59
66
7
65
69
32
19
51
11
46
33
41
89
30
72
0
93
14
23
81
56
9
99
2
16
85
88
59
77
93
37
66
94
6
10
71
91
52
6
18
90
62
50
6
23
70
30
62
45
64
61
80
26
66
75
91
38
60
55
15
89
37
27
31
31
58
58
57
74
33
84
70
55
15
73
30
86
44
7
75
44
11
42
75
66
24
12
23
4
21
18
19
36
69
74
33
82
6
61
57
49
99
5
27
96
38
36
39
50
67
41
23
39
0
29
40
1
9
29
99
32
57
35
91
14
40
79
19
35
89
33
41
88
24
84
34
59
80
13
23
19
75
10
85
59
46
50
45
62
4
19
54
68
64
44
95
28
3
21
26
85
48
96
3
12
58
22
19
5
40
43
8
50
17
55
82
26
43
54
84
5
70
86
61
73
94
88
75
25
93
61
6
6
47
64
45
12
44
6
81
15
5
26
75
59
51
87
13
29
1
67
71
59
62
61
40
52
70
23
15
18
42
67
66
12
46
80
21
5
87
98
65
7
66
34
17
61
60
67
79
80
61
59
96
76
8
65
10
87
45
42
27
50
70
62
58
33
44
53
38
10
37
19
70
26
52
84
64
84
21
43
51
70
87
85
17
50
68
38
59
66
75
51
71
9
29
83
67
39
42
13
71
87
8
48
97
0
35
26
94
57
64
70
94
17
71
84
13
83
31
32
89
23
96
92
47
12
12
10
73
43
0
73
30
65
88
51
34
80
98
54
78
43
96
21
8
64
32
79
59
23
36
10
21
17
55
15
11
66
62
62
83
73
18
50
38
27
19
69
16
96
23
71
11
78
53
24
83
66
79
55
77
57
7
76
97
16
57
74
23
28
48
20
18
49
40
39
58
78
23
66
87
67
4
73
95
19
15
14
38
77
44
5
46
69
92
84
41
91
54
92
71
45
44
8
1
23
93
60
56
85
43
97
96
28
26
0
45
29
43
48
51
71
99
62
46
52
60
40
88
0
54
62
19
10
36
89
97
59
14
93
71
85
96
15
62
29
56
56
0
49
56
69
34
25
8
73
13
81
90
44
7
73
77
66
36
26
60
0
69
97
31
38
7
68
60
35
42
72
68
30
62
82
51
71
52
36
66
29
18
57
19
66
21
59
74
42
92
97
18
21
22
92
8
84
72
37
49
90
36
54
16
48
78
17
74
80
81
74
22
85
63
91
93
4
35
58
94
52
52
24
56
55
75
98
40
74
74
85
39
48
63
75
97
32
16
92
39
80
52
0
16
70
